# id	length	introns	RNAseq	isoforms
14640	1105	3	1555610	455213	
9733	823	1	17627100	33391	
11214	608	1	413007	4841	
1106	551	1	43834400	153	
37714	686	1	4742840	17773	
38621	774	1	2873300	50738	
14519	859	2	680667	10423	
13188	796	2	828555	59923	
12774	752	2	506198	50904	
36960	690	1	6760920	4539	
8885	598	1	5319370	524	
45508	557	1	994753	507	
91	857	2	744722	331002	
37875	619	1	315151	3895	
19200	813	1	161561	21645	
1752	598	1	320894	3878	
9092	994	3	144976	450963	
35931	787	2	409125	163678	
35061	617	1	591279	975	
36153	745	1	1701750	5298	
11165	693	2	342021	5165	
1578	703	2	358889	3611	
45905	620	1	376329	14603	
21369	693	1	537568	2956	
44310	705	1	142283	15569	
42412	829	1	908046	171530	
35057	510	1	536211	247	
19050	976	2	328420	963677	
19839	889	2	270096	98262	
13331	1026	2	382364	31275	
1610	846	1	348055	35397	
19852	750	1	116350	36656	
1689	1010	1	1894270	664739	
20294	918	1	1067920	297071	
20061	924	1	591265	344381	
1751	801	1	1501530	13132	
6118	712	1	3763410	36863	
75	1089	3	336256	596104	
12763	656	2	2193660	1926	
28540	521	1	129516	670	
12329	635	1	370634	4342	
14480	691	1	2965700	1453	
46353	733	1	179309	11569	
1243	834	2	211673	27825	
7043	781	2	470854	63841	
43924	644	1	1265880	7485	
461	772	2	360922	4911	
1560	816	1	360685	3215	
7447	985	1	7694390	842979	
5020	522	1	807866	111	
9878	1005	4	155856	657604	
17302	599	1	225111	946	
20276	729	1	911828	83662	
14001	833	2	616191	18277	
20941	696	1	17221600	169008	
34474	711	1	10381000	145367	
11164	693	2	339574	27339	
19602	678	2	1949550	5059	
36128	755	1	261903	63998	
36962	687	1	9869380	12944	
38134	653	1	2073520	13916	
11015	697	1	119746	11135	
9319	704	1	1086010	2163	
1934	1024	3	876795	454146	
20476	719	1	679009	2586	
37407	535	1	150371	97	
14749	1192	1	4627840	834655	
12887	868	2	451810	28660	
6318	958	2	115439	287445	
39758	705	1	842211	25401	
39791	772	1	28336700	77541	
20176	975	1	137223	216116	
44943	644	1	284193	8611	
35339	639	1	2710080	19703	
35058	768	1	1622640	46842	
20990	956	2	35912700	608797	
12897	691	1	722031	3823	
43035	701	1	1826950	451	
10392	707	2	148459	31818	
10555	613	1	901164	2703	
13701	761	2	23891400	69628	
34193	713	1	738921	1121	
45505	603	1	552692	743	
20535	586	1	232028	2303	
7487	785	2	577136	36579	
11980	654	2	20362500	9946	
12711	813	3	501101	34739	
15898	1064	2	304237	226929	
4326	818	1	203756	20336	
34304	824	1	986127	74666	
11097	797	2	584531	8255	
37413	572	1	111841	1256	
47156	653	1	395097	4045	
36507	720	2	101041	1385	
41393	866	2	120355	197293	
12635	884	1	24152100	58312	
4204	650	2	1269480	16863	
4473	758	1	784246	66192	
15195	669	1	463918	2710	
26332	821	2	524406	2287	
19777	670	1	518243	370	
411	690	1	19580800	35997	
16249	883	3	185926	250079	
8669	902	2	528887	75639	
35952	683	2	147818	6391	
1731	609	1	364084	4185	
13321	1167	2	243373	246625	
34305	898	1	1683760	41694	
10738	807	2	336020	112571	
7178	736	1	417122	11255	
39145	604	1	2482110	4327	
3095	481	1	346144	34	
9104	817	1	153070	123193	
8624	779	1	681403	14781	
4920	847	2	418269	11350	
43923	651	1	1487660	6165	
36979	567	1	337175	3431	
5021	532	1	383317	649	
43860	893	2	1001930	76091	
14484	1015	2	3094310	132887	
38517	889	1	897798	507166	
20750	775	2	126667	15919	
11431	767	1	858095	107970	
12175	747	1	1325710	47549	
9508	621	1	1075180	2771	
2110	795	3	372245	72219	
9199	1197	3	704389	246320	
336	648	1	682989	347	
19327	912	3	332950	309801	
9980	808	1	621032	8370	
2006	910	2	284272	226552	
2414	716	1	376427	17528	
8323	894	2	2757370	174422	
46970	616	1	110213	4095	
34195	719	1	138981	18795	
34926	396	1	137382	18	
35751	747	2	357603	29698	
6869	834	3	887487	135065	
1688	746	1	3507470	79773	
11731	841	2	505427	179256	
2902	663	2	145232	12712	
37410	563	1	120907	88	
8350	864	3	2943880	324804	
11893	913	2	136140	98927	
46239	616	1	218237	6010	
39318	780	2	483497	28106	
38149	884	1	303944	198653	
4456	712	1	307510	16123	
42850	871	2	2315810	208281	
13088	771	1	1491720	39812	
11478	803	1	25112100	92295	
34571	760	1	133156	10553	
43674	531	1	560239	1518	
15051	898	2	153860	40318	
15234	679	1	108211	5986	
13598	658	1	2219720	7803	
35062	593	1	3314360	539	
38499	722	1	769841	819	
920	687	1	3384620	30132	
17427	713	1	41556300	59503	
662	1026	2	434804	312521	
37137	703	1	2038000	24994	
8514	755	2	145129	55699	
44104	834	2	412520	127989	
42932	825	2	1785480	198166	
575	710	1	144299	3432	
46967	647	1	127891	11016	
21327	722	2	524483	159535	
14547	830	2	571515	8551	
34927	816	2	134510	80065	
36353	535	1	149915	267	
687	973	2	414589	822270	
456	663	1	449660	5233	
14386	744	1	197285	18898	
6484	723	1	351213	29606	
34600	677	1	682885	2597	
44914	635	1	293882	55435	
44683	889	2	1089230	380246	
21567	755	2	171489	104668	
12179	705	2	1912090	43717	
19328	598	1	290673	471	
19403	967	1	956447	228948	
11098	762	2	416375	3292	
43497	971	2	183275	46265	
33929	805	1	444973	136845	
13124	620	1	232434	1201	
34233	855	1	2553800	107071	
39279	1135	2	130687	301460	
37033	628	1	214099	5629	
46477	792	1	254861	74591	
36768	1039	1	1541950	784357	
3080	777	2	1260880	78166	
43162	639	1	671190	2293	
33909	657	1	585992	1135	
35395	688	1	119390	9162	
38994	619	1	442722	600	
40388	890	1	124528	112797	
7203	853	1	440384	145355	
46229	635	1	244515	9638	
1757	616	1	2120170	1101	
39049	778	1	235149	14271	
12170	713	1	16999300	44351	
41307	969	3	502463	140350	
46968	628	1	190244	21273	
724	807	1	551752	27209	
19697	925	2	1803020	28958	
2064	776	2	128731	20025	
14983	807	1	2004610	43227	
12178	720	2	1452000	33055	
8465	783	1	798073	25919	
6283	756	2	143915	20225	
2717	679	1	215483	51492	
1536	897	3	158680	194498	
35340	585	1	4415550	1363	
2360	783	1	1150860	7489	
19782	760	1	156074	21503	
41566	1010	2	194618	607393	
7781	548	1	348866	85	
35465	615	1	721080	3950	
38763	875	3	678577	13593	
22243	594	1	20981400	2305	
18852	732	2	265446	69872	
12801	908	3	406394	70566	
3489	826	2	5179870	38308	
956	969	2	611986	329271	
38778	936	1	1161820	495028	
407	706	1	1819810	5666	
18487	970	1	409380	567210	
44601	605	1	9048060	11044	
11557	1102	2	529118	149964	
10827	959	1	263843	128475	
9237	614	1	152925	4518	
46228	634	1	134748	24845	
37386	713	1	1294640	14405	
562	732	1	2050210	9699	
20428	808	2	10222400	105451	
34155	728	1	142697	4877	
4365	891	2	1336750	211324	
34776	594	1	112723	245	
12653	673	3	102617	34315	
12788	963	3	350050	808199	
1063	962	2	172089	117172	
5813	1094	4	490863	264343	
20983	1005	1	384652	202466	
12660	820	1	528825	57681	
41202	861	1	157432	81125	
11327	571	1	546512	1502	
7410	621	1	418119	12865	
8706	669	1	215725	32790	
13449	1009	2	245036	35544	
18211	713	1	157472	11975	
45915	757	3	589129	40247	
42466	886	2	184379	58820	
2977	835	2	15866400	201287	
8546	548	1	505946	2680	
37677	674	1	142031	3255	
10347	708	1	1268240	2845	
35179	537	1	5547140	335	
6397	805	2	111699	15103	
13617	545	1	1372690	549	
14389	570	1	122042	690	
20509	974	2	118507	613514	
44920	622	1	293805	4610	
9401	786	1	373585	12307	
42003	659	1	106710	872	
9758	922	2	391423	14102	
21025	1000	2	439161	298881	
42623	721	1	293210	21788	
18796	745	1	864138	9359	
8982	825	1	201855	196271	
35563	1113	2	341919	814759	
22244	463	1	20981400	95	
9605	721	1	630349	2029	
28536	524	1	554603	142	
34478	702	1	9650150	36167	
13402	909	2	109145	97584	
19475	757	1	670343	2109	
9180	579	1	1479470	293	
13559	550	1	109487	191	
2060	895	1	184781	128873	
9274	694	2	429365	7394	
10093	563	1	259185	979	
36961	687	1	9848300	3687	
9857	880	1	650078	23446	
37850	592	1	3668820	3273	
8358	851	1	633316	124621	
46925	679	1	251228	6047	
36146	684	1	462516	134737	
36534	816	1	489775	189241	
11034	752	1	364958	89792	
11858	841	1	765929	30213	
34190	776	1	764419	87693	
3980	1028	2	2014200	967299	
20533	871	2	1453610	139994	
38497	644	1	352041	49183	
11475	720	2	422841	39183	
5406	920	2	162101	45142	
2385	704	1	123441	7943	
33825	884	1	20397900	250610	
12553	732	1	398121	5253	
2500	785	1	132731	48678	
15115	984	1	3976180	228991	
7929	768	2	825411	144740	
1587	962	1	808034	311061	
15257	823	1	345995	31369	
1147	735	2	685191	21550	
42240	689	1	133192	2705	
44413	585	1	3378800	872	
4921	811	1	159267	40437	
43402	819	2	5844340	119270	
8479	800	1	5636470	129095	
3716	1039	1	256480	244312	
43	905	3	185671	56264	
8267	981	3	375142	934617	
1573	884	1	981828	102641	
41285	1121	4	226205	93323	
9317	873	1	273411	366743	
36145	665	1	899297	30571	
3054	1124	2	241238	249707	
9165	584	1	292585	477	
12398	807	2	425801	66039	
9583	956	1	6912100	91040	
2042	1113	1	244798	876716	
19534	839	2	696552	260808	
36949	613	1	776116	6742	
269	788	2	4473820	16730	
10133	600	1	539627	3025	
39924	969	2	169025	151754	
3083	898	2	637508	134794	
4422	863	1	285847	86447	
12466	991	2	226538	71356	
9807	937	1	477098	200354	
6415	975	2	505401	548239	
8119	780	2	416830	12719	
2338	723	1	2090560	70622	
46935	479	1	418741	369	
7640	768	1	244146	63061	
14831	851	2	227598	84402	
821	520	1	221986	885	
8787	754	1	273817	29496	
7239	830	2	741196	45401	
8334	866	2	108490	83030	
7681	1071	2	204765	391427	
14337	507	1	17176400	870	
38732	749	1	182535	237952	
39127	933	2	258999	187045	
850	948	2	157120	279872	
35337	870	2	771854	133928	
39371	683	2	154889	3244	
38628	827	1	1275460	298013	
15069	943	1	100282	65720	
38754	542	1	173683	986	
2953	690	1	1172750	7803	
10831	674	1	315858	8044	
1953	855	2	1205010	75480	
20142	534	1	431647	159	
13040	708	1	373357	11211	
36004	693	1	852236	23663	
8346	873	3	571170	156302	
1864	822	2	1286470	64667	
2579	742	2	158787	14895	
885	960	3	6344660	408672	
6164	742	1	1409250	17332	
11032	708	1	233258	17747	
14911	637	1	190321	905	
19189	819	3	1880470	84841	
8483	737	1	103116	43445	
20420	793	2	1897220	51772	
11278	937	2	335698	307273	
12205	664	1	708933	9787	
14910	573	1	203802	3064	
6059	982	2	208393	227069	
9533	740	2	745524	1527	
14004	591	1	407146	1375	
13870	733	2	495742	50112	
8984	825	1	200314	74333	
9864	905	2	170942	62401	
11803	1030	2	522723	307044	
11473	949	1	371391	148209	
12355	783	1	658908	20317	
37405	618	1	290173	5021	
6106	962	3	184737	186342	
365	756	2	25077000	191995	
46969	690	1	133181	53602	
41405	934	3	115866	382293	
11973	597	1	21739000	8884	
13550	792	2	454313	3291	
36963	728	1	6737860	175075	
2301	881	1	484370	308339	
44416	718	1	562383	30755	
36219	888	3	163388	24638	
371	776	2	455172	29877	
34477	711	1	10419400	8586	
35060	623	1	1521120	1007	
38616	737	2	256042	16573	
406	594	1	824451	277	
39530	682	2	768778	78684	
19230	809	2	404096	67116	
37333	622	1	116826	582	
35265	997	3	483304	434308	
46971	620	1	236792	13197	
11676	872	2	187526	158917	
45421	708	2	2372950	49688	
19437	742	2	258604	13053	
3838	759	1	5238140	73570	
32193	947	1	476203	81381	
10324	926	1	811640	199177	
21557	698	2	248687	49293	
7913	789	2	20234000	16579	
7875	849	2	2076400	14903	
7240	735	2	1080880	17219	
19101	745	2	566128	9674	
19901	867	3	1017950	9213	
10364	694	1	1831880	2220	
44417	618	1	9983050	1499	
38917	838	1	3814740	28851	
4168	553	1	421472	211	
13181	961	2	603247	585977	
12888	756	2	3698550	47168	
5902	796	2	252767	180516	
2380	822	2	21546400	275184	
15068	602	1	452526	6318	
43677	656	1	1456100	21373	
6293	674	2	299659	1661	
38988	746	2	1949400	49000	
1249	732	1	142499	25113	
32837	865	2	330396	86658	
43925	637	1	117505	8389	
13775	854	2	652839	71881	
17981	761	2	305289	3769	
18526	861	2	5800990	51349	
2382	805	1	166961	37962	
46236	688	1	218483	49418	
44631	700	1	186397	4205	
1713	831	2	490571	58905	
1105	603	1	3613520	7125	
33752	930	4	691413	136347	
19207	1057	1	527706	793293	
36447	538	1	29018400	617	
12173	734	1	936446	23967	
